

DATASET: cm1
Mean of metrics
                mean_auc_roc  std_auc_roc  mean_acc   std_acc   mean_f1    std_f1   mean_g1    std_g1
strategy                                                                                             
F-KNE               0.579091     0.092513  0.863500  0.023027  0.575384  0.090662  0.578111  0.092440
F-KNU               0.659369     0.100267  0.843583  0.043115  0.628486  0.091382  0.635950  0.091875
F-LCA               0.639848     0.127812  0.767500  0.071458  0.577605  0.088483  0.605747  0.094091
F-OLA               0.594924     0.087046  0.855583  0.052430  0.591752  0.081241  0.598943  0.081933
F-TS-KNE.0IH        0.580202     0.094668  0.865500  0.025145  0.578256  0.095401  0.580525  0.096410
F-TS-KNU.0IH        0.660480     0.101138  0.845583  0.043365  0.630763  0.092608  0.637611  0.092915
F-TS-LCA.0IH        0.639848     0.127812  0.767500  0.071458  0.577605  0.088483  0.605747  0.094091
F-TS-OLA.0IH        0.597146     0.084559  0.859583  0.042523  0.594001  0.078353  0.600684  0.079788
F-TSTB.0IH-LCA      0.549369     0.101785  0.837583  0.057148  0.548350  0.102409  0.551415  0.105545
F-TSTB.0IH-OLA      0.533283     0.060293  0.865500  0.025145  0.529039  0.067794  0.533723  0.073421
F-TSTB.2IH-LCA      0.524697     0.059958  0.877667  0.035903  0.528119  0.083396  0.552990  0.121173
F-TSTB.2IH-OLA      0.524419     0.051848  0.881583  0.025740  0.525137  0.075472  0.548927  0.115102
F-TSTB.4IH-LCA      0.509167     0.039245  0.897750  0.018318  0.492976  0.063614  0.502936  0.091714
F-TSTB.4IH-OLA      0.505556     0.024470  0.895667  0.011358  0.484893  0.035943  0.486228  0.038197

Std of metrics
                mean_auc_roc  std_auc_roc  mean_acc  std_acc  mean_f1  std_f1  mean_g1  std_g1
strategy                                                                                      
F-KNE                    0.0          0.0       0.0      0.0      0.0     0.0      0.0     0.0
F-KNU                    0.0          0.0       0.0      0.0      0.0     0.0      0.0     0.0
F-LCA                    0.0          0.0       0.0      0.0      0.0     0.0      0.0     0.0
F-OLA                    0.0          0.0       0.0      0.0      0.0     0.0      0.0     0.0
F-TS-KNE.0IH             0.0          0.0       0.0      0.0      0.0     0.0      0.0     0.0
F-TS-KNU.0IH             0.0          0.0       0.0      0.0      0.0     0.0      0.0     0.0
F-TS-LCA.0IH             0.0          0.0       0.0      0.0      0.0     0.0      0.0     0.0
F-TS-OLA.0IH             0.0          0.0       0.0      0.0      0.0     0.0      0.0     0.0
F-TSTB.0IH-LCA           0.0          0.0       0.0      0.0      0.0     0.0      0.0     0.0
F-TSTB.0IH-OLA           0.0          0.0       0.0      0.0      0.0     0.0      0.0     0.0
F-TSTB.2IH-LCA           0.0          0.0       0.0      0.0      0.0     0.0      0.0     0.0
F-TSTB.2IH-OLA           0.0          0.0       0.0      0.0      0.0     0.0      0.0     0.0
F-TSTB.4IH-LCA           0.0          0.0       0.0      0.0      0.0     0.0      0.0     0.0
F-TSTB.4IH-OLA           0.0          0.0       0.0      0.0      0.0     0.0      0.0     0.0
-------------------------------------------------

DATASET: jm1
Mean of metrics
                mean_auc_roc  std_auc_roc  mean_acc   std_acc   mean_f1    std_f1   mean_g1    std_g1
strategy                                                                                             
F-KNE               0.593304     0.016271  0.736767  0.012537  0.590344  0.016088  0.590780  0.016054
F-KNU               0.596686     0.013090  0.684746  0.012621  0.574131  0.011803  0.584379  0.011498
F-LCA               0.556939     0.016292  0.600183  0.020554  0.518335  0.015717  0.547056  0.013583
F-OLA               0.587297     0.022256  0.724448  0.014876  0.581791  0.020997  0.582952  0.021059
F-TS-KNE.0IH        0.593361     0.016217  0.736859  0.012473  0.590414  0.016024  0.590848  0.015991
F-TS-KNU.0IH        0.596743     0.013052  0.684838  0.012609  0.574200  0.011768  0.584435  0.011463
F-TS-LCA.0IH        0.556939     0.016292  0.600183  0.020554  0.518335  0.015717  0.547056  0.013583
F-TS-OLA.0IH        0.586574     0.021976  0.724448  0.014956  0.581266  0.020857  0.582371  0.020883
F-TSTB.0IH-LCA      0.575759     0.020000  0.745773  0.015116  0.578152  0.020708  0.578757  0.020886
F-TSTB.0IH-OLA      0.590255     0.009278  0.776472  0.007120  0.598429  0.009582  0.603259  0.009612
F-TSTB.2IH-LCA      0.577267     0.018378  0.779412  0.012077  0.585637  0.021153  0.594391  0.021627
F-TSTB.2IH-OLA      0.584506     0.012295  0.790533  0.006146  0.595153  0.014394  0.607875  0.013560
F-TSTB.4IH-LCA      0.572175     0.010823  0.800642  0.006068  0.581522  0.014100  0.608731  0.014299
F-TSTB.4IH-OLA      0.576861     0.008847  0.798896  0.003860  0.587295  0.011139  0.610041  0.009321

Std of metrics
                mean_auc_roc  std_auc_roc  mean_acc  std_acc  mean_f1  std_f1  mean_g1  std_g1
strategy                                                                                      
F-KNE                    0.0          0.0       0.0      0.0      0.0     0.0      0.0     0.0
F-KNU                    0.0          0.0       0.0      0.0      0.0     0.0      0.0     0.0
F-LCA                    0.0          0.0       0.0      0.0      0.0     0.0      0.0     0.0
F-OLA                    0.0          0.0       0.0      0.0      0.0     0.0      0.0     0.0
F-TS-KNE.0IH             0.0          0.0       0.0      0.0      0.0     0.0      0.0     0.0
F-TS-KNU.0IH             0.0          0.0       0.0      0.0      0.0     0.0      0.0     0.0
F-TS-LCA.0IH             0.0          0.0       0.0      0.0      0.0     0.0      0.0     0.0
F-TS-OLA.0IH             0.0          0.0       0.0      0.0      0.0     0.0      0.0     0.0
F-TSTB.0IH-LCA           0.0          0.0       0.0      0.0      0.0     0.0      0.0     0.0
F-TSTB.0IH-OLA           0.0          0.0       0.0      0.0      0.0     0.0      0.0     0.0
F-TSTB.2IH-LCA           0.0          0.0       0.0      0.0      0.0     0.0      0.0     0.0
F-TSTB.2IH-OLA           0.0          0.0       0.0      0.0      0.0     0.0      0.0     0.0
F-TSTB.4IH-LCA           0.0          0.0       0.0      0.0      0.0     0.0      0.0     0.0
F-TSTB.4IH-OLA           0.0          0.0       0.0      0.0      0.0     0.0      0.0     0.0
-------------------------------------------------